9908503661
9305258050
9175641779
9710834843
9743772604
9360133843
9192997162
9137364958
9125699849
9602277390
9325694075
9196076579
9372087139
9354506836
9927659051
9866030626
9645758763
9536639314
9988610816
9386970538
9088636324
9651988467
9329360228
9549307973
9791969589
9418839437
9786503524
9643659131
9391768870
9550420077
9495891938
9649655432
9182748885
9914010022
9703688350
9349661922
9250387359
9371962948
9869526201
9673819868
9143180016
9505631212
9662446461
9903597527
9871283778
9996412292
9824260701
9146276541
9250915251
9429120746
9032615476
9797795692
9010836084
9365372336
9770988877
9790183167
9554930434
9130804278
9421727019
9283992508
9259782813
9493944817
9147240343
9854278020
9219012364
9542067488
9831736797
9586480648
9174544782
9558927982
9108878748
9329600963
9302369395
9854054327
9449806181
9910927725
9495706447
9392647185
9845913376
9884826891
9152427462
9848222916
9537211846
9100198857
9582483499
9095106993
9614345492
9792493564
9973108137
9215918544
9057010727
9421327176
9016999326
9286078247
9424168738
9528387741
9612880004
9587803788
9210418028
9598851278
9805047381
9505269775
9412381857
9309700584
9248328927
9763246640
9115082021
9394590084
9391676795
9420336978
9142264298
9037607618
9190112046
9718257173
9308307284
9198952109
9963718210
9583628881
9730718389
9291882124
9998813178
9795019874
9376845595
9419737098
9280748501
9491855306
9944581534
9627988397
9452589734
9339431563
9837939172
9297669282
9761479170
9010320501
9302952151
9254668261
9788016996
9855006299
9483480494
9554034074
9557513888
9126324949
9793330595
9402227588
9843848340
9922813004
9133300802
9811987340
9275548037
9213813642
9386933927
9543635644
9933038418
9242192672
9246962789
9294156083
9560843798
9110932978
9311208353
9463503213
9303855683
9542447436
9651511272
9513810154
9351504216
9415165912
9712976339
9246118141
9318426054
9904013047
9771468165
9840437382
9784770354
9454249834
9148586540
9173452587
9575182141
9054280572
9265134872
9987729689
9946910067
9666486869
9909453757
9938855046
9421589068
9894636952
9187265377
9420323872
9421488488
9011273351
9274859441
9938415950
9355507898
9547055846
9287167334
9919161905
9632215410
9246131539
9408655063
9413359920
9283152260
9588675285
9152107386
9815396607
9195518453
9504774587
9540690781
9693291998
9442717908
9294734129
9910938009
9657705941
9188199517
9438818332
9513547966
9154739746
9016177525
9117406990
9024093213
9299916365
9348513135
9217841281
9015648880
9070087559
9619302264
9373909297
9129633465
9216835015
9053768560
9352316925
9702323720
9069693812
9021007243
9676664274
9953385471
9226202637
9337217450
9408288551
9189568858
9098748094
9970496303
9639711199
9415579711
9138362306
9497736543
9224741619
9361283605
9378505077
9360879810
9211642166
9632432047
9577216759
9487033239
9764172170
9265539960
9305627555
9065641214
9104592136
9816077416
9688398322
9830786036
9865141709
9187457456
9424957971
9566056174
9289386313
9498261459
9821165606
9801184516
9683308645
9694203855
9326643900
9915236911
9663338348
9462813193
9821601770
9288831285
9619487100
9314266226
9753840176
9220217915
9613310911
9326654165
9075383199
9565132111
9149923140
9032920639
9707490950
9356301374
9789505929
9599801871
9361877887
9291959449
9404896378
9242200372
9067878405
9892868324
9138136193
9702180612
9439566847
9292662598
9386850184
9133771304
9439568481
9647997823
9108189978
9753446853
9422827003
9730430709
9951569833
9448635185
9795411456
9431781183
9034219914
9125300066
9516518039
9231332741
9888523537
9797007337
9615186652
9548223662
9124001362
9238016227
9268168641
9144810533
9140699496
9874019077
9776787654
9446148520
9450475100
9744468901
9103754890
9777141016
9294857132
9895257032
9040701900
9203049601
9243926103
9315133574
9178856607
9488124535
9487198114
9108510962
9153760503
9964367617
9419812671
9839409381
9789850986
9956595113
9765327279
9141160874
9932598799
9863288767
9033973534
9809684257
9306187780
9902304764
9838421345
9132706310
9284976596
9901832261
9941210166
9791163954
9563494649
9407558559
9146607944
9722764568
9451995532
9627024631
9596877987
9748014687
9894826191
9004504937
9171624318
9925891169
9096326285
9225181012
9721836108
9903325158
9165884441
9566707098
9570748886
9544777624
9638718480
9335105648
9573300155
9737782623
9009040627
9385889186
9764786970
9499341921
9175028048
9507974368
9257064641
9800472604
9611711605
9254583316
9548175855
9565633004
9091968528
9790925919
9156294375
9196189439
9857443357
9689167410
9276409281
9493792312
9067300929
9117012072
9890076061
9012908563
9982274246
9893681038
9683539847
9793604972
9738484304
9949029652
9642777983
9942552542
9536980144
9576511597
9944116508
9980332662
9298676982
9650108576
9586049518
9949749000
9974233311
9984543731
9166607504
9728342646
9111975058
9836263786
9626328837
9628199639
9765251178
9341336023
9520969851
9608965315
9544681895
9192445147
9595217817
9148739681
9244446277
9312320053
9745393168
9619302014
9288583672
9963196783
9483186343
9628816965
9369587406
9478245866
9006207809
9677687158
9636421383
9875016424
9294241060
9836475266
9888015126
9520639023
9109878746
9724848484
9972765263
9677242493
9377441118
9207064619
9842102490
9681832534
9035550422
9846917682
9328419498
9521511043
9474506518
9208819150
9382050047
9953700525
9906220966
9437716376
9402293880
9633205984
9437395112
9771440338
9918783823
9259007504
9160198244
9251898088
9031512426
9537274231
9084493975
9229597267
9269105721
9383924764
9144959474
9435724798
9874718585
9122679045
9465863546
9767345390
9281064413
9252240463
9855773563
9502491761
9430785930
9487932084
9876486256
9842352032
9839405221
9051876454
9734646298
9366977685
9249622446
9464906228
9949958814
9253814017
9998068180
9300075374
9896215275
9471754572
9697912648
9218620777
9752604927
9556709479
9757695216
9459154371
9827518994
9201707363
9639466507
9502271958
9295007744
9160818633
9118955985
9956622197
9587291992
9934085665
9734307909
9753595886
9795126607
9033654478
9518992508
9070724835
9178638128
9710118679
9942204392
9879498479
9635657530
9198335242
9741158348
9694600686
9161576630
9666396737
9144241208
9760372318
9880336857
9903620907
9796300362
9046406489
9920449245
9712658822
9325368591
9615328793
9351114047
9194386150
9877890794
9493317673
9708279060
9632016553
9754882218
9005387263
9432184962
9051479129
9661045050
9302967602
9037875950
9975095083
9643301112
9370750100
9332282179
9343517450
9325946510
9698754906
9961865088
9342762597
9507959171
9284367561
9800008104
9622729453
9700155063
9862745156
9726483263
9381067542
9973908806
9578112063
9518593719
9269053955
9585455686
9820529313
9649407972
9359117153
9483595118
9237926113
9674051296
9454662108
9366159566
9647035452
9238101760
9206079798
9458018464
9121529589
9586211728
9198453535
9211351881
9068834720
9230482100
9675529845
9105665906
9077873299
9423812199
9490147400
9378114054
9471169322
9142278674
9211484849
9797267906
9951468547
9856034570
9219069748
9820018346
9248919345
9730503263
9925497464
9433376256
9368643258
9738478761
9858525137
9672024812
9625909663
9760086905
9570349258
9278541182
9257659118
9179731323
9032899338
9514167054
9395755820
9369402848
9135714705
9945373743
9532930962
9548010331
9438102211
9356029361
9759775715
9095910684
9868568596
9811191669
9976035117
9525158098
9989111206
9356671446
9168147422
9245790254
9937981821
9958697316
9811775331
9365187274
9195378570
9432356481
9145459314
9179058325
9962526696
9747656957
9809313316
9305768245
9367831125
9494555860
9168481390
9287668282
9565408338
9251672783
9955423646
9969037342
9386305472
9495974413
9719751045
9247910048
9127994186
9594688341
9898343826
9825954277
9060092292
9872391276
9013408360
9749401036
9382501364
9153467517
9070965105
9871911938
9094019506
9879973229
9644175392
9489600022
9645200836
9754941150
9791065511
9278193598
9236435159
9262737423
9334688077
9427782545
9684339304
9314368087
9962327977
9209791921
9775567207
9790646004
9195607157
9522929043
9120993313
9971342726
9301120672
9010950148
9499716764
9747217828
9930409153
9299534530
9587593950
9046617789
9735384042
9319436292
9539180340
9065584823
9394571525
9079399632
9532020309
9988271099
9308146842
9330484455
9665009807
9028812979
9253517073
9216920377
9955955561
9151508366
9179201621
9478302285
9070893167
9308754282
9055464493
9524697373
9043287069
9697865351
9622226352
9327607549
9345052637
9700722002
9926586811
9074504796
9009092145
9684422378
9600915018
9000763739
9038973615
9812689563
9817256811
9700580011
9497660826
9886848688
9483396220
9590816799
9854778632
9433324680
9981225779
9849934880
9820489841
9019741625
9042473653
9366224230
9194103528
9627600425
9788036036
9248409656
9528750703
9835473543
9235164297
9479139642
9973038995
9959857884
9833316874
9771451442
9306675986
9589082729
9347634852
9369931396
9996535278
9302777959
9086481748
9390001530
9327800269
9896708291
9934804520
9960177952
9147115919
9875567738
9090984404
9845795403
9582645582
9894812317
9789359187
9365154644
9781931560
9062214729
9117885520
9790407903
9119952263
9055810913
9193228506
9828853978
9780899806
9225129256
9190484119
9588040122
9612754519
9593624287
9744004827
9705280429
9654556220
9307319720
9210141405
9674161607
9683420724
9408026942
9454602157
9565866121
9932431290
9728675117
9187349016
9851432948
9888038682
9566353796
9154160357
9239785183
9553321316
9040575377
9135952318
9766680564
9173607087
9192969809
9598507985
9562102057
9127841286
9391748048
9779553882
9647101132
9014315880
9605409720
9568981300
9774856453
9556408076
9210077898
9992166414
9846801370
9145086806
9627461337
9330404472
9596061767
9296326469
9512405414
9016721735
9174140216
9931244613
9824897767
9304120335
9344299795
9835446412
9185195306
9660760973
9901934049
9770811798
9935041992
9587436752
9029102562
9203813065
9158462356
9437862027
9652084022
9985805889
9362283726
9841914357
9388885046
9526701358
9786332490
9234564902
9433672684
9166371443
9093673678
9534690006
9885294925
9356235104
9697620071
9291177547
9653657768
9381386073
9438512478
9217041027
9358233912
9632569610
9521013100
9701050877
9057368890
9812642176
9458833288
9544283429
9143746705
9950115542
9583906279
9387497256
9553271253
9726092844
9741326982
9158227565
9311713949
9183421775
9564195126
9967414221
9553584012
9776419105
9380768034
9558795707
9875268387
9043839858
9536723054
9040347529
9863297748
9883154438
9448045172
9088518060
9099484057
9524343270
9421577815
9416420215
9046520569
9875884208
9689526815
9333446201
9830198153
9479505369
9967124332
9069863723
9859987835
9606931768
9693387649
9755127567
9124186193
9129957733
9826846425
9006911973
9456600117
9171813634
9620263145
9252136847
9276189245
9437005107
9992576212
9072758832
9815048462
9962949595
9105692317
9392369443
9319829079
9482917358
9505895895
9029828038
9126637923
9937257630
9782193467
9468671100
9187220951
9520845492
9943296014
9966093996
9156211764
9662829581
9545296909
9648489369
9380500939
9279864223
9515384641
9296792557
9751008807
9834907657
9190286613
9643114099
9403159029
9959505303
9537920799
9988710940
9283208208
9306323607
9246504237
9707444613
9849409442
9174948716
9393466193
9946262064
9719676427
9270561835
9781140579
9023233751
9127797607
9260588123
9218512594
9638945146
9403180468
9497967855
9122545876
9094433084
9305493289
9482172247
9646605449
9569396469
9912674091
9773863595
9075545499
9172690841
9135994364
9720347316
9238405091
9040578129
9559949699
9813824410
9990427978
9449910365
9383181995
9750077245
9732146519
9508638408
9673250219
9963857648
9761926649
9732783424
9414933225
9010271175
9628384520
9187105099
9662653391
9039673693
9578363557
9670106033
9391305018
9700287062
9171788705
9633190283
9492847765
9740800964
9380033748
9885358876
9078437044
9885853122
9105605226
9902954060
9832432881
9775232420
9223974728
9643247901
9156511220
9758084600
9155313493
9406746880
9540779384
9161218256
9825116717
9083139141
9030157915
9484097852
9199894341
9588949945
9377241842
9908682962
9703575951
9776445627
9345704565
9105525574
9747290765
9158352570
9524033514
9673208113
9613991304
9023034732
9054691687
9727370411
9203906650
9611243398
9028629751
9986283424
9116466226
9398430028
9200484312
9389096556
9373125133
9949873540
9117252522
9401629620
9551104882
9284528738
9062011986
9252891634
9758170572
9945935842
9792209660
9378784690
9695381797
9622011631
9468572241
9406230079
9630915246
9096404492
9153565406
9107647907
9506945386
9489257649
9518279559
9057464242
9754702917
9419672770
9737658821
9014397775
9071028829
9572004974
9327276342
9562458931
9465022944
9503597145
9887256858
9004524710
9114619228
9601371408
9955927834
9606594813
9619177306
9971036249
9032223624
9456207070
9108683642
9840847160
9923447150
9192028196
9406661823
9168239096
9713778693
9020085535
9784056598
9060781052
9456530301
9551114647
9168482222
9271547979
9999614567
9920692292
9734362117
9565315525
9630078487
9163356389
9717151733
9218299073
9930906883
9160011965
9846445846
9659385340
9944338963
9445131409
9565910773
9450269683
9616388539
9356718056
9195449015
9816768289
9382616217
9667560416
9049137783
9076970935
9411710182
9244597645
9432158265
9981589583
9400605443
9530716137
9810669509
9138154093
9740465122
9870633873
9300657919
9656532787
9211260552
9846177203
9634192882
9829617453
9923839861
9010134587
9817137271
9505965322
9841467568
9794777559
9383193425
9959895740
