36516
63611
71565
120973
106213
94766
141252
69235
143250
46813
141035
118442
72189
75479
58976
145896
44395
116167
56461
57297
90703
151608
70161
93674
83995
109426
139704
97943
95060
53287
102420
144670
85034
75421
41998
153106
130140
43282
87454
133114
128739
79934
124740
94244
132753
122648
108578
103753
122920
102682
106898
134864
45481
55916
130997
98186
123902
134394
114829
112048
125031
45232
129416
117410
155012
82719
77811
59808
108941
81939
110341
28685
106718
92040
60869
120650
57969
53489
46084
79584
66547
79965
131105
31631
68745
103134
109321
117350
45562
114314
61190
127684
152668
140480
41177
145637
29752
111608
84839
70110
106002
44751
69411
150680
100908
95369
63838
143415
61078
94566
110246
71033
156353
77072
136303
35743
102022
42198
104669
72548
51105
83717
61974
67297
88856
98407
30738
139674
30385
102498
28058
154086
51325
85568
90615
49997
57643
60749
93313
100082
146648
70805
119781
123304
111408
107949
69972
28512
50740
38766
107161
43337
108952
145910
28009
91747
140290
39980
54880
45149
61874
84734
132979
53720
56827
64204
136472
138513
135420
131595
146186
98375
127426
58040
51651
155581
39115
146358
149003
51687
136234
45902
73276
107506
110001
30001
59749
134674
86223
124798
34363
41131
153966
150229
126804
116414
100505
128663
56795
140095
125456
129998
42149
97378
148005
78357
87944
24440
98392
49001
76163
93484
148349
72043
87377
25894
141452
129733
91354
103468
76857
49329
101004
56554
146378
34633
153663
43999
72268
82414
96079
80759
137750
83927
72273
59570
91464
136059
125334
49032
108756
99795
88885
119054
88287
124974
121705
35198
38351
25474
88183
55274
81913
118155
153026
37969
75594
51755
63098
104223
138952
69568
103582
88324
44306
66054
64796
142814
75948
88461
39068
115104
50821
92250
117123
106453
77266
26293
78129
108018
142969
59268
106074
53070
101864
36036
125677
139075
121851
141574
74826
103136
55156
148663
96213
74211
88038
44182
142052
132259
73327
133539
69378
109466
105334
