4375
3277
2777
2942
960
2677
3399
4744
3817
3734
3787
3938
139
2731
3544
1338
242
2984
3635
1244
940
1341
4227
3698
3684
3563
2093
3134
2641
713
3943
3144
1473
1767
976
3015
1719
3924
4733
1433
2317
4719
949
818
3103
2663
1786
2209
3743
149
278
3840
1924
2554
1177
2080
4011
3142
1009
994
2202
2120
881
3928
1337
3226
998
2579
1884
3385
816
1968
4001
797
1075
2731
4345
4268
3563
2398
3990
4682
3297
153
1787
4375
3503
2601
1704
703
1297
1464
4624
892
3343
2719
2029
4808
4745
4318
4666
2817
201
888
3583
3726
3368
2671
4402
728
3596
1234
545
917
1268
4116
4392
3535
1016
2276
4892
2567
1285
180
1904
634
2538
2476
2873
4023
1280
111
271
1978
4153
655
2952
1647
2307
2370
1267
966
4834
1401
3739
2721
3968
4525
3881
3208
4758
2934
4499
4489
3555
1535
267
3290
2438
3779
3709
1656
2131
1397
3491
3660
2771
3094
908
1265
1079
3600
512
309
1991
850
444
4332
4072
2378
441
534
2231
2940
1259
166
2537
1037
3997
4794
377
2155
4200
3150
1548
847
595
1627
3201
4362
4033
911
2174
2652
4911
1806
2680
2277
1487
4124
3281
2094
3361
3504
4274
1781
1464
4218
635
1732
2717
1353
1296
245
1213
4286
4486
4655
1045
4268
2994
1955
4878
4009
4134
2132
4571
800
2523
2820
2484
3039
3449
68
120
4744
3837
1664
200
4269
4004
1005
210
4784
586
3168
455
3211
1384
3985
1124
704
2820
3482
168
3020
275
4702
3688
147
2314
1823
4885
3251
3456
4586
3394
2313
303
4394
1927
3039
4281
4351
4635
4804
4208
483
3423
4644
1991
229
3139
2447
106
387
3619
2383
2763
576
1254
771
650
2162
4655
3155
