9001208001
9001208002
9001208003
9001208004
9001208005
9001208006
9001208007
9001208008
9001208009
9001208010
9001208011
9001208012
9001208013
9001208014
9001208015
9001208016
9001208017
9001208018
9001208019
9001208020
9001208021
9001208022
9001208023
9001208024
9001208025
9001208026
9001208027
9001208028
9001208029
9001208030
9001208031
9001208032
9001208033
9001208034
9001208035
9001208036
9001208037
9001208038
9001208039
9001208040
9001208041
9001208042
9001208043
9001208044
9001208045
9001208046
9001208047
9001208048
9001208049
9001208050
9001208051
9001208052
9001208053
9001208054
9001208055
9001208056
9001208057
9001208058
9001208059
9001208060
9001208061
9001208062
9001208063
9001208064
9001208065
9001208066
9001208067
9001208068
9001208069
9001208070
9001208071
9001208072
9001208073
9001208074
9001208075
9001208076
9001208077
9001208078
9001208079
9001208080
9001208081
9001208082
9001208083
9001208084
9001208085
9001208086
9001208087
9001208088
9001208089
9001208090
9001208091
9001208092
9001208093
9001208094
9001208095
9001208096
9001208097
9001208098
9001208099
9001208100
9001208101
9001208102
9001208103
9001208104
9001208105
9001208106
9001208107
9001208108
9001208109
9001208110
9001208111
9001208112
9001208113
9001208114
9001208115
9001208116
9001208117
9001208118
9001208119
9001208120
9001208121
9001208122
9001208123
9001208124
9001208125
9001208126
9001208127
9001208128
9001208129
9001208130
9001208131
9001208132
9001208133
9001208134
9001208135
9001208136
9001208137
9001208138
9001208139
9001208140
9001208141
9001208142
9001208143
9001208144
9001208145
9001208146
9001208147
9001208148
9001208149
9001208150
9001208151
9001208152
9001208153
9001208154
9001208155
9001208156
9001208157
9001208158
9001208159
9001208160
9001208161
9001208162
9001208163
9001208164
9001208165
9001208166
9001208167
9001208168
9001208169
9001208170
9001208171
9001208172
9001208173
9001208174
9001208175
9001208176
9001208177
9001208178
9001208179
9001208180
9001208181
9001208182
9001208183
9001208184
9001208185
9001208186
9001208187
9001208188
9001208189
9001208190
9001208191
9001208192
9001208193
9001208194
9001208195
9001208196
9001208197
9001208198
9001208199
9001208200
9001208201
9001208202
9001208203
9001208204
9001208205
9001208206
9001208207
9001208208
9001208209
9001208210
9001208211
9001208212
9001208213
9001208214
9001208215
9001208216
9001208217
9001208218
9001208219
9001208220
9001208221
9001208222
9001208223
9001208224
9001208225
9001208226
9001208227
9001208228
9001208229
9001208230
9001208231
9001208232
9001208233
9001208234
9001208235
9001208236
9001208237
9001208238
9001208239
9001208240
9001208241
9001208242
9001208243
9001208244
9001208245
9001208246
9001208247
9001208248
9001208249
9001208250
9001208251
9001208252
9001208253
9001208254
9001208255
9001208256
9001208257
9001208258
9001208259
9001208260
9001208261
9001208262
9001208263
9001208264
9001208265
9001208266
9001208267
9001208268
9001208269
9001208270
9001208271
9001208272
9001208273
9001208274
9001208275
9001208276
9001208277
9001208278
9001208279
9001208280
9001208281
9001208282
9001208283
9001208284
9001208285
9001208286
9001208287
9001208288
9001208289
9001208290
9001208291
9001208292
9001208293
9001208294
9001208295
9001208296
9001208297
9001208298
9001208299
9001208300
9001208301
9001208302
9001208303
9001208304
9001208305
9001208306
9001208307
9001208308
9001208309
9001208310
9001208311
9001208312
9001208313
9001208314
9001208315
9001208316
9001208317
9001208318
9001208319
9001208320
9001208321
9001208322
9001208323
9001208324
9001208325
9001208326
9001208327
9001208328
9001208329
9001208330
9001208331
9001208332
9001208333
9001208334
9001208335
9001208336
9001208337
9001208338
9001208339
9001208340
9001208341
9001208342
9001208343
9001208344
9001208345
9001208346
9001208347
9001208348
9001208349
9001208350
9001208351
9001208352
9001208353
9001208354
9001208355
9001208356
9001208357
9001208358
9001208359
9001208360
9001208361
9001208362
9001208363
9001208364
9001208365
9001208366
9001208367
9001208368
9001208369
9001208370
9001208371
9001208372
9001208373
9001208374
9001208375
9001208376
9001208377
9001208378
9001208379
9001208380
9001208381
9001208382
9001208383
9001208384
9001208385
9001208386
9001208387
9001208388
9001208389
9001208390
9001208391
9001208392
9001208393
9001208394
9001208395
9001208396
9001208397
9001208398
9001208399
9001208400
9001208401
9001208402
9001208403
9001208404
9001208405
9001208406
9001208407
9001208408
9001208409
9001208410
9001208411
9001208412
9001208413
9001208414
9001208415
9001208416
9001208417
9001208418
9001208419
9001208420
9001208421
9001208422
9001208423
9001208424
9001208425
9001208426
9001208427
9001208428
9001208429
9001208430
9001208431
9001208432
9001208433
9001208434
9001208435
9001208436
9001208437
9001208438
9001208439
9001208440
9001208441
9001208442
9001208443
9001208444
9001208445
9001208446
9001208447
9001208448
9001208449
9001208450
9001208451
9001208452
9001208453
9001208454
9001208455
9001208456
9001208457
9001208458
9001208459
9001208460
9001208461
9001208462
9001208463
9001208464
9001208465
9001208466
9001208467
9001208468
9001208469
9001208470
9001208471
9001208472
9001208473
9001208474
9001208475
9001208476
9001208477
9001208478
9001208479
9001208480
9001208481
9001208482
9001208483
9001208484
9001208485
9001208486
9001208487
9001208488
9001208489
9001208490
9001208491
9001208492
9001208493
9001208494
9001208495
9001208496
9001208497
9001208498
9001208499
9001208500
9001208501
9001208502
9001208503
9001208504
9001208505
9001208506
9001208507
9001208508
9001208509
9001208510
9001208511
9001208512
9001208513
9001208514
9001208515
9001208516
9001208517
9001208518
9001208519
9001208520
9001208521
9001208522
9001208523
9001208524
9001208525
9001208526
9001208527
9001208528
9001208529
9001208530
9001208531
9001208532
9001208533
9001208534
9001208535
9001208536
9001208537
9001208538
9001208539
9001208540
9001208541
9001208542
9001208543
9001208544
9001208545
9001208546
9001208547
9001208548
9001208549
9001208550
9001208551
9001208552
9001208553
9001208554
9001208555
9001208556
9001208557
9001208558
9001208559
9001208560
9001208561
9001208562
9001208563
9001208564
9001208565
9001208566
9001208567
9001208568
9001208569
9001208570
9001208571
9001208572
9001208573
9001208574
9001208575
9001208576
9001208577
9001208578
9001208579
9001208580
9001208581
9001208582
9001208583
9001208584
9001208585
9001208586
9001208587
9001208588
9001208589
9001208590
9001208591
9001208592
9001208593
9001208594
9001208595
9001208596
9001208597
9001208598
9001208599
9001208600
9001208601
9001208602
9001208603
9001208604
9001208605
9001208606
9001208607
9001208608
9001208609
9001208610
9001208611
9001208612
9001208613
9001208614
9001208615
9001208616
9001208617
9001208618
9001208619
9001208620
9001208621
9001208622
9001208623
9001208624
9001208625
9001208626
9001208627
9001208628
9001208629
9001208630
9001208631
9001208632
9001208633
9001208634
9001208635
9001208636
9001208637
9001208638
9001208639
9001208640
9001208641
9001208642
9001208643
9001208644
9001208645
9001208646
9001208647
9001208648
9001208649
9001208650
9001208651
9001208652
9001208653
9001208654
9001208655
9001208656
9001208657
9001208658
9001208659
9001208660
9001208661
9001208662
9001208663
9001208664
9001208665
9001208666
9001208667
9001208668
9001208669
9001208670
9001208671
9001208672
9001208673
9001208674
9001208675
9001208676
9001208677
9001208678
9001208679
9001208680
9001208681
9001208682
9001208683
9001208684
9001208685
9001208686
9001208687
9001208688
9001208689
9001208690
9001208691
9001208692
9001208693
9001208694
9001208695
9001208696
9001208697
9001208698
9001208699
9001208700
9001208701
9001208702
9001208703
9001208704
9001208705
9001208706
9001208707
9001208708
9001208709
9001208710
9001208711
9001208712
9001208713
9001208714
9001208715
9001208716
9001208717
9001208718
9001208719
9001208720
9001208721
9001208722
9001208723
9001208724
9001208725
9001208726
9001208727
9001208728
9001208729
9001208730
9001208731
9001208732
9001208733
9001208734
9001208735
9001208736
9001208737
9001208738
9001208739
9001208740
9001208741
9001208742
9001208743
9001208744
9001208745
9001208746
9001208747
9001208748
9001208749
9001208750
9001208751
9001208752
9001208753
9001208754
9001208755
9001208756
9001208757
9001208758
9001208759
9001208760
9001208761
9001208762
9001208763
9001208764
9001208765
9001208766
9001208767
9001208768
9001208769
9001208770
9001208771
9001208772
9001208773
9001208774
9001208775
9001208776
9001208777
9001208778
9001208779
9001208780
9001208781
9001208782
9001208783
9001208784
9001208785
9001208786
9001208787
9001208788
9001208789
9001208790
9001208791
9001208792
9001208793
9001208794
9001208795
9001208796
9001208797
9001208798
9001208799
9001208800
9001208801
9001208802
9001208803
9001208804
9001208805
9001208806
9001208807
9001208808
9001208809
9001208810
9001208811
9001208812
9001208813
9001208814
9001208815
9001208816
9001208817
9001208818
9001208819
9001208820
9001208821
9001208822
9001208823
9001208824
9001208825
9001208826
9001208827
9001208828
9001208829
9001208830
9001208831
9001208832
9001208833
9001208834
9001208835
9001208836
9001208837
9001208838
9001208839
9001208840
9001208841
9001208842
9001208843
9001208844
9001208845
9001208846
9001208847
9001208848
9001208849
9001208850
9001208851
9001208852
9001208853
9001208854
9001208855
9001208856
9001208857
9001208858
9001208859
9001208860
9001208861
9001208862
9001208863
9001208864
9001208865
9001208866
9001208867
9001208868
9001208869
9001208870
9001208871
9001208872
9001208873
9001208874
9001208875
9001208876
9001208877
9001208878
9001208879
9001208880
9001208881
9001208882
9001208883
9001208884
9001208885
9001208886
9001208887
9001208888
9001208889
9001208890
9001208891
9001208892
9001208893
9001208894
9001208895
9001208896
9001208897
9001208898
9001208899
9001208900
9001208901
9001208902
9001208903
9001208904
9001208905
9001208906
9001208907
9001208908
9001208909
9001208910
9001208911
9001208912
9001208913
9001208914
9001208915
9001208916
9001208917
9001208918
9001208919
9001208920
9001208921
9001208922
9001208923
9001208924
9001208925
9001208926
9001208927
9001208928
9001208929
9001208930
9001208931
9001208932
9001208933
9001208934
9001208935
9001208936
9001208937
9001208938
9001208939
9001208940
9001208941
9001208942
9001208943
9001208944
9001208945
9001208946
9001208947
9001208948
9001208949
9001208950
9001208951
9001208952
9001208953
9001208954
9001208955
9001208956
9001208957
9001208958
9001208959
9001208960
9001208961
9001208962
9001208963
9001208964
9001208965
9001208966
9001208967
9001208968
9001208969
9001208970
9001208971
9001208972
9001208973
9001208974
9001208975
9001208976
9001208977
9001208978
9001208979
9001208980
9001208981
9001208982
9001208983
9001208984
9001208985
9001208986
9001208987
9001208988
9001208989
9001208990
9001208991
9001208992
9001208993
9001208994
9001208995
9001208996
9001208997
9001208998
9001208999
