500004
500004
500007
500007
500012
500013
500016
500020
500028
500028
500030
500030
500032
500043
500044
500049
500049
500252
500463
500463
500890
501105
501146
501201
501504
501504
501514
501522
502103
502220
502269
502273
502292
502310
503214
503215
503224
503224
503224
503235
504001
504001
504002
504251
504293
505173
505188
505208
505306
505330
505466
505514
505533
506133
506144
506230
506342
507101
507116
507301
508101
508111
508112
508207
508216
508219
508227
508290
508290
508367
508372
509130
509131
509142
509149
509150
509152
509201
509321
509330
509343
509362
509363
509375
509388
515001
515001
515001
515002
515281
515311
515445
515455
515566
515751
515822
516105
516116
516132
516228
516357
516421
516501
516506
517109
517129
517278
517325
517330
517536
517580
517622
517651
517655
518005
518115
518196
518301
518301
518301
518302
518347
518395
518422
518422
518524
518534
518543
518543
518545
518672
520002
520003
520015
521114
521121
521121
521176
521191
521211
521245
521284
521330
521338
521440
522002
522003
522004
522004
522007
522014
522015
522020
522036
522121
522211
522263
522270
522301
522310
522325
522346
522403
522409
522503
522532
522601
522604
522608
522659
523001
523155
523180
523201
523335
523375
524002
524004
524119
524133
524203
524302
524304
524315
524315
524322
524334
524355
524356
524361
524445
530001
530003
530004
530012
530016
530030
530042
531001
531001
531001
531001
531001
531011
531011
531043
531091
531149
531150
531151
531153
531168
531230
531240
531271
531323
532015
532129
532133
532185
532185
532219
532223
532401
532410
532492
532552
532582
532599
532612
532617
532663
533005
533101
533104
533201
533201
533214
533217
533222
533230
533233
533235
533252
533254
533307
533315
533342
533342
533401
533406
533428
533441
533509
533546
533557
533559
533562
534111
534123
534126
534134
534134
534150
534152
534196
534230
534235
534235
534339
534344
534364
534375
534435
534453
534474
